21 49 31 251
21 53 25 244
21 105 41 267
81 66 239 97
69 3 132 73
228 29 193 207
22 132 63 198
15 158 29 167
25 127 55 232
16 118 40 277
18 159 61 275
24 144 62 205
100 3 214 118
75 50 221 123
105 108 211 81
95 82 248 90
223 52 87 216
198 28 148 188
266 24 198 213
211 55 214 183
275 61 134 234
61 118 175 135
73 25 229 79
61 52 220 106
75 102 134 128
14 104 17 256
12 79 44 211
25 160 58 181
286 29 177 231
260 45 146 240
257 16 126 192
80 150 42 14
90 187 41 15
79 173 62 18
70 192 44 13
85 210 25 24
108 179 33 11
93 225 23 7
110 137 16 17
323 50 182 175
65 37 170 67
101 84 208 95
90 64 249 81
14 140 37 315
20 99 24 229
21 49 54 158
15 154 24 179
26 64 50 311
14 80 54 183
12 55 54 221
80 167 18 16
64 218 45 18
105 159 38 25
77 200 21 10
120 196 45 8
68 208 64 21
285 50 154 203
268 48 200 177
300 9 115 242
306 26 212 201
81 87 273 113
60 36 168 91
85 114 250 105
90 160 90 30
56 57 227 85
93 8 169 82
104 88 170 86
63 189 34 8
82 218 28 14
78 223 16 20
72 148 31 16
84 186 40 15
247 20 143 185
191 31 196 194
273 22 193 231